0	0	0	0
0	0	0	0
0	0	0	0
0	0	0	0
0	0	0	0
0	0	0	0
0	0	0	0
0	0	0	0
0	0	0	0
0	0	0	0
0	0	0	0
0	0	0	0
0	0	0	0
0	0	0	0
0	0	0	0
0	0	0	0
0	0	0	0
0	0	0	0
0	0	0	0
0	0	0	0
0	0	0	0
0	0	0	0
0	0	0	0
0	0	0	0
0	0	0	0
0	0	0	0
0	0	0	0
0	0	0	0
0	0	0	0
0	0	0	0
0	0	0	0
0	0	0	0
0	0	0	0
0	0	0	0
0	0	0	0
0	0	0	0
0	0	0	0
0	0	0	0
0	0	0	0
0	0	0	0
0	0	0	0
0	0	0	0
0	0	0	0
0	0	0	0
0	0	0	0
0	0	0	0
0	0	0	0
0	0	0	0
0	0	0	0
0	0	0	0
0	0	0	0
0	0	0	0
0	0	0	0
0	0	0	0
0	0	0	0
0	0	0	0
0	0	0	0
0	0	0	0
40	0	128	0
160	1	128	0
16	2	0	209
79	0	0	209
252	255	0	209
229	0	192	44
230	255	192	44
148	255	192	44
135	0	192	16
238	255	192	16
199	255	192	220
142	254	192	220
115	254	192	220
65	255	192	220
180	1	0	72
165	1	0	72
165	255	0	157
205	254	0	157
117	255	0	157
162	255	0	157
218	1	64	46
98	1	64	46
175	254	64	22
170	254	64	22
57	255	64	22
133	0	192	220
103	255	192	220
61	0	128	39
93	0	128	39
105	1	128	39
81	1	128	39
107	0	128	210
245	255	128	210
52	2	0	249
198	0	0	249
236	255	0	249
226	254	0	28
174	1	0	28
92	1	0	28
197	0	64	149
99	2	64	149
120	2	64	33
233	3	64	33
242	4	64	33
150	5	64	33
32	3	128	20
64	2	128	20
30	3	128	20
107	2	128	20
124	2	128	198
224	2	128	198
101	2	128	198
191	3	192	39
28	3	192	39
238	3	192	39
124	4	192	171
87	4	192	171
46	4	192	171
103	6	0	38
157	7	0	38
90	6	0	38
11	5	128	18
81	6	128	18
55	6	64	224
253	5	64	224
88	5	64	224
251	5	0	41
35	6	0	41
210	5	0	41
231	6	128	160
97	7	128	160
190	5	128	160
66	5	128	51
243	5	128	51
104	5	64	203
103	5	64	203
227	3	128	22
16	5	128	22
165	5	128	22
25	6	0	23
85	5	0	23
179	3	0	23
212	3	128	13
0	4	128	13
13	5	128	13
61	5	192	21
172	4	192	21
20	5	192	22
152	5	192	22
25	5	192	22
231	4	0	12
56	6	0	12
68	6	64	253
246	4	64	253
95	4	64	253
158	4	64	253
103	6	64	34
46	7	64	34
16	6	128	187
220	4	128	187
56	6	128	187
26	6	128	52
162	5	128	52
74	5	192	1
165	5	192	1
219	4	192	1
229	4	192	9
231	3	192	9
237	4	192	9
105	5	0	32
221	5	0	32
229	5	0	32
226	5	64	16
83	4	64	16
182	3	64	16
205	3	64	16
38	4	192	251
149	4	192	251
57	4	0	235
138	4	0	235
126	4	0	61
87	4	0	61
63	4	0	61
145	4	0	208
136	5	0	208
105	4	0	208
17	3	192	30
173	3	192	30
201	3	192	30
212	3	192	234
75	4	192	234
14	4	192	234
165	3	128	251
180	3	128	251
128	3	128	251
154	3	192	42
56	4	192	42
160	3	128	201
9	4	128	201
92	5	192	39
89	4	192	39
202	3	192	39
89	3	192	39
234	2	192	39
71	4	64	40
244	3	64	40
234	3	64	40
128	4	0	182
38	4	0	182
221	3	128	38
103	4	128	38
141	4	128	38
13	4	128	38
29	4	0	228
107	3	0	228
233	3	192	12
40	3	192	12
203	2	192	12
228	2	192	12
2	3	192	12
104	2	64	43
168	1	64	43
87	1	0	246
205	1	0	246
164	0	0	246
6	0	0	226
62	255	0	226
198	255	0	226
166	254	192	53
14	254	192	53
205	254	0	210
120	254	0	210
5	254	0	210
113	253	0	34
76	253	0	34
239	253	0	34
183	253	192	13
88	252	192	13
142	252	192	13
246	251	192	0
103	252	192	0
49	250	192	0
236	247	128	70
135	248	128	70
147	248	192	252
155	247	192	252
190	247	192	252
77	247	192	206
170	246	192	206
57	245	192	206
60	246	64	73
202	246	64	73
227	244	64	6
53	245	64	6
155	244	64	6
35	245	0	213
186	244	0	213
255	244	0	213
136	246	128	51
4	245	128	51
245	245	128	51
154	245	0	239
21	246	0	239
191	245	0	246
155	246	0	246
217	245	0	246
184	246	0	246
251	245	128	49
137	247	128	49
192	248	128	49
154	248	64	0
217	247	64	0
196	248	64	167
47	249	64	167
72	249	64	167
123	248	0	51
46	248	0	51
191	250	0	51
246	250	128	62
149	249	128	62
225	249	128	62
52	250	128	176
200	249	128	176
23	250	128	176
193	250	64	8
25	252	64	8
188	252	64	39
130	250	64	39
239	249	64	39
206	250	64	197
0	253	64	197
230	252	64	9
246	251	64	9
253	249	64	9
69	250	64	3
108	250	64	3
222	251	64	3
46	251	64	211
194	251	64	211
73	251	64	211
64	251	0	31
93	252	0	31
63	252	0	239
153	251	64	239
136	250	64	239
162	251	128	234
62	252	128	234
172	251	128	234
63	253	64	36
156	252	64	36
169	252	64	36
177	252	0	210
175	252	0	210
130	252	0	28
244	253	0	28
160	252	0	28
23	253	0	11
30	251	0	11
26	251	0	28
153	251	0	28
152	252	0	28
231	251	64	228
109	251	64	228
57	252	64	228
139	253	192	40
38	0	192	40
101	255	192	40
163	0	192	227
199	254	192	227
39	255	192	227
96	254	0	11
174	254	0	11
86	254	0	11
39	252	128	50
81	252	128	50
210	252	128	50
102	253	128	50
108	254	192	181
72	254	192	181
147	253	64	23
221	252	64	23
50	253	64	23
244	251	128	214
139	251	128	214
197	251	64	14
184	251	64	14
239	250	64	14
1	252	192	51
155	251	192	51
163	249	192	202
189	248	0	202
17	249	0	202
253	249	64	252
14	251	64	252
41	251	64	252
151	250	128	21
149	251	128	21
186	252	0	16
162	251	0	16
68	251	0	16
47	249	0	6
130	248	0	6
194	248	0	6
235	248	192	207
16	248	192	207
198	247	0	27
244	247	0	27
171	249	0	27
195	250	0	15
16	251	0	15
252	249	128	237
163	249	128	237
146	251	128	237
174	251	0	38
12	251	0	38
95	251	0	38
39	250	0	1
214	249	0	1
200	249	0	1
171	249	0	1
157	251	128	184
178	253	128	184
139	253	128	184
83	252	0	16
201	250	0	16
222	250	192	56
43	250	192	56
197	249	192	56
226	248	64	198
54	249	64	198
170	249	64	198
162	250	128	250
172	249	128	250
46	249	192	35
237	249	192	35
250	249	192	35
243	249	192	169
175	249	192	169
109	248	192	169
70	247	128	6
121	246	128	6
202	247	128	6
113	247	128	31
151	247	128	31
157	248	128	23
130	248	128	23
2	249	128	23
131	249	64	208
91	249	64	208
228	248	64	208
236	249	64	17
215	249	64	17
81	249	64	17
218	249	64	33
157	250	64	33
181	251	64	33
158	252	64	33
191	253	192	222
152	254	192	222
43	255	192	222
202	254	192	222
186	253	0	249
179	253	0	249
204	253	192	33
213	252	192	33
224	252	192	33
118	253	128	13
133	253	128	13
73	253	64	164
197	252	64	164
108	253	128	234
137	252	128	234
38	253	128	234
210	252	128	234
77	253	64	29
209	253	64	29
242	255	64	29
3	255	192	181
121	0	192	181
101	1	192	181
238	254	64	25
121	0	64	25
200	255	64	25
210	254	0	51
32	255	0	51
66	255	0	51
9	0	0	233
207	253	0	233
219	252	192	25
69	254	192	25
169	254	192	25
40	255	192	25
54	254	192	0
149	253	192	0
162	252	0	238
62	253	0	238
22	255	0	238
9	255	192	27
27	253	192	27
233	252	192	27
155	253	0	21
74	255	0	21
67	255	192	196
249	255	192	196
177	255	192	196
142	0	192	196
53	2	192	27
7	3	192	27
239	3	64	7
216	3	64	7
252	3	64	7
100	4	64	248
208	4	64	248
33	5	64	248
4	5	192	38
60	6	192	38
106	6	192	38
139	6	128	212
216	4	128	212
159	4	0	31
247	4	0	31
237	5	0	31
253	5	0	31
106	4	0	45
178	4	0	45
48	4	0	163
1	5	0	163
109	5	0	163
239	4	192	242
114	3	192	242
37	4	192	242
118	5	192	41
173	6	192	41
117	5	192	203
98	5	192	203
237	4	64	25
28	5	64	25
9	5	64	25
85	4	64	25
130	4	0	33
105	6	0	33
89	6	0	33
58	6	192	189
179	5	192	189
44	6	192	236
119	7	64	236
63	8	64	236
79	7	64	30
35	7	64	30
67	7	64	30
174	7	128	30
153	7	128	30
239	6	128	30
74	4	64	212
255	3	64	212
129	5	64	14
196	5	64	14
119	6	64	14
42	3	192	57
15	4	192	57
185	3	192	57
165	2	0	194
159	2	0	194
254	2	0	194
19	3	128	2
117	4	128	2
175	3	128	2
197	3	64	28
208	3	64	28
239	1	64	28
146	2	128	231
147	2	128	231
86	3	128	231
56	4	128	231
73	3	128	231
125	2	128	18
162	3	128	18
19	4	128	18
17	4	64	69
252	3	64	69
65	4	64	69
237	4	192	244
31	4	192	244
132	3	192	244
99	2	64	232
242	1	64	232
246	2	64	232
78	2	192	14
120	2	192	14
164	2	192	14
28	2	128	200
185	1	128	200
53	1	128	200
200	1	192	31
60	1	192	31
101	2	192	31
92	2	64	30
6	3	64	30
106	3	64	30
107	3	0	246
44	2	0	246
92	2	0	246
253	1	0	250
53	3	0	250
104	3	0	250
177	2	128	182
145	0	128	182
62	1	128	182
186	1	192	18
228	1	192	18
99	2	192	18
30	3	64	33
137	3	64	33
184	3	64	33
220	1	64	29
188	0	64	29
202	1	64	29
228	2	128	36
183	2	128	36
122	1	128	36
29	1	192	222
215	1	192	222
147	2	192	222
126	2	0	12
7	4	0	12
215	3	128	228
148	3	128	228
216	0	128	228
10	2	192	15
207	3	192	15
58	3	192	32
222	2	192	32
195	2	192	32
206	1	0	194
175	2	0	194
201	2	0	194
24	3	0	194
187	4	128	26
26	5	128	26
28	3	128	26
93	2	64	190
233	3	64	190
75	4	192	24
163	4	192	24
248	4	192	24
9	5	192	24
166	4	64	32
228	5	64	32
153	4	128	23
101	4	128	23
195	4	128	23
38	4	64	2
211	3	64	2
0	0	0	0
0	0	0	0
0	0	0	0
0	0	0	0
0	0	0	0
0	0	0	0
0	0	0	0
0	0	0	0
0	0	0	0
0	0	0	0
0	0	0	0
0	0	0	0
0	0	0	0
0	0	0	0
0	0	0	0
0	0	0	0
0	0	0	0
0	0	0	0
0	0	0	0
0	0	0	0
0	0	0	0
0	0	0	0
0	0	0	0
0	0	0	0
